    0.10132E-04    0.59622E+02
    0.10337E-04    0.60777E+02
    0.10545E-04    0.61956E+02
    0.10758E-04    0.63157E+02
    0.10976E-04    0.64381E+02
    0.11197E-04    0.65629E+02
    0.11424E-04    0.66901E+02
    0.11654E-04    0.68198E+02
    0.11890E-04    0.69520E+02
    0.12130E-04    0.70868E+02
    0.12375E-04    0.72242E+02
    0.12625E-04    0.73642E+02
    0.12880E-04    0.75070E+02
    0.13140E-04    0.76525E+02
    0.13406E-04    0.78008E+02
    0.13677E-04    0.79520E+02
    0.13953E-04    0.81062E+02
    0.14235E-04    0.82633E+02
    0.14522E-04    0.84235E+02
    0.14816E-04    0.85868E+02
    0.15115E-04    0.87533E+02
    0.15420E-04    0.89230E+02
    0.15732E-04    0.90959E+02
    0.16050E-04    0.92723E+02
    0.16374E-04    0.94520E+02
    0.16705E-04    0.96352E+02
    0.17042E-04    0.98220E+02
    0.17386E-04    0.10012E+03
    0.17738E-04    0.10207E+03
    0.18096E-04    0.10404E+03
    0.18461E-04    0.10606E+03
    0.18834E-04    0.10812E+03
    0.19215E-04    0.11021E+03
    0.19603E-04    0.11235E+03
    0.19999E-04    0.11453E+03
    0.20403E-04    0.11675E+03
    0.20815E-04    0.11901E+03
    0.21236E-04    0.12132E+03
    0.21665E-04    0.12367E+03
    0.22102E-04    0.12607E+03
    0.22549E-04    0.12851E+03
    0.23004E-04    0.13100E+03
    0.23469E-04    0.13354E+03
    0.23943E-04    0.13613E+03
    0.24427E-04    0.13877E+03
    0.24920E-04    0.14146E+03
    0.25424E-04    0.14420E+03
    0.25937E-04    0.14700E+03
    0.26461E-04    0.14984E+03
    0.26996E-04    0.15275E+03
    0.27541E-04    0.15571E+03
    0.28098E-04    0.15873E+03
    0.28665E-04    0.16181E+03
    0.29244E-04    0.16494E+03
    0.29835E-04    0.16814E+03
    0.30438E-04    0.17140E+03
    0.31053E-04    0.17472E+03
    0.31680E-04    0.17811E+03
    0.32320E-04    0.18156E+03
    0.32973E-04    0.18508E+03
    0.33639E-04    0.18867E+03
    0.34319E-04    0.19232E+03
    0.35012E-04    0.19605E+03
    0.35719E-04    0.19985E+03
    0.36441E-04    0.20373E+03
    0.37177E-04    0.20768E+03
    0.37928E-04    0.21170E+03
    0.38694E-04    0.21581E+03
    0.39476E-04    0.21999E+03
    0.40273E-04    0.22425E+03
    0.41087E-04    0.22860E+03
    0.41917E-04    0.23303E+03
    0.42764E-04    0.23755E+03
    0.43627E-04    0.24215E+03
    0.44509E-04    0.24685E+03
    0.45408E-04    0.25163E+03
    0.46325E-04    0.25651E+03
    0.47261E-04    0.26148E+03
    0.48216E-04    0.26655E+03
    0.49190E-04    0.27171E+03
    0.50183E-04    0.27698E+03
    0.51197E-04    0.28235E+03
    0.52232E-04    0.28782E+03
    0.53287E-04    0.29340E+03
    0.54363E-04    0.29909E+03
    0.55461E-04    0.30488E+03
    0.56582E-04    0.31079E+03
    0.57725E-04    0.31682E+03
    0.58891E-04    0.32296E+03
    0.60081E-04    0.32922E+03
    0.61294E-04    0.33560E+03
    0.62532E-04    0.34210E+03
    0.63796E-04    0.34873E+03
    0.65084E-04    0.35549E+03
    0.66399E-04    0.36238E+03
    0.67741E-04    0.36940E+03
    0.69109E-04    0.37656E+03
    0.70505E-04    0.38386E+03
    0.71929E-04    0.39130E+03
    0.73383E-04    0.39888E+03
    0.74865E-04    0.40661E+03
    0.76377E-04    0.41449E+03
    0.77920E-04    0.42252E+03
    0.79494E-04    0.43071E+03
    0.81100E-04    0.43906E+03
    0.82739E-04    0.44756E+03
    0.84410E-04    0.45624E+03
    0.86115E-04    0.46508E+03
    0.87855E-04    0.47409E+03
    0.89630E-04    0.48327E+03
    0.91440E-04    0.49264E+03
    0.93288E-04    0.50218E+03
    0.95172E-04    0.51191E+03
    0.97095E-04    0.52183E+03
    0.99056E-04    0.53194E+03
    0.10106E-03    0.54225E+03
    0.10310E-03    0.55275E+03
    0.10518E-03    0.56346E+03
    0.10731E-03    0.57437E+03
    0.10947E-03    0.58550E+03
    0.11169E-03    0.59684E+03
    0.11394E-03    0.60840E+03
    0.11624E-03    0.62019E+03
    0.11859E-03    0.63220E+03
    0.12099E-03    0.64445E+03
    0.12343E-03    0.65693E+03
    0.12592E-03    0.66965E+03
    0.12847E-03    0.68262E+03
    0.13106E-03    0.69584E+03
    0.13371E-03    0.70931E+03
    0.13641E-03    0.72305E+03
    0.13917E-03    0.73705E+03
    0.14198E-03    0.75132E+03
    0.14485E-03    0.76586E+03
    0.14777E-03    0.78069E+03
    0.15076E-03    0.79580E+03
    0.15381E-03    0.81121E+03
    0.15691E-03    0.82691E+03
    0.16008E-03    0.84292E+03
    0.16332E-03    0.85923E+03
    0.16662E-03    0.87586E+03
    0.16998E-03    0.89281E+03
    0.17341E-03    0.91009E+03
    0.17692E-03    0.92770E+03
    0.18049E-03    0.94565E+03
    0.18414E-03    0.96394E+03
    0.18786E-03    0.98259E+03
    0.19165E-03    0.10016E+04
    0.19552E-03    0.10210E+04
    0.19947E-03    0.10407E+04
    0.20350E-03    0.10608E+04
    0.20762E-03    0.10814E+04
    0.21181E-03    0.11023E+04
    0.21609E-03    0.11236E+04
    0.22045E-03    0.11453E+04
    0.22491E-03    0.11674E+04
    0.22945E-03    0.11900E+04
    0.23409E-03    0.12130E+04
    0.23881E-03    0.12364E+04
    0.24364E-03    0.12603E+04
    0.24856E-03    0.12846E+04
    0.25358E-03    0.13094E+04
    0.25870E-03    0.13347E+04
    0.26393E-03    0.13605E+04
    0.26926E-03    0.13868E+04
    0.27470E-03    0.14135E+04
    0.28025E-03    0.14408E+04
    0.28591E-03    0.14686E+04
    0.29169E-03    0.14969E+04
    0.29758E-03    0.15258E+04
    0.30359E-03    0.15552E+04
    0.30973E-03    0.15852E+04
    0.31598E-03    0.16158E+04
    0.32237E-03    0.16469E+04
    0.32888E-03    0.16786E+04
    0.33552E-03    0.17110E+04
    0.34230E-03    0.17439E+04
    0.34921E-03    0.17775E+04
    0.35627E-03    0.18117E+04
    0.36347E-03    0.18466E+04
    0.37081E-03    0.18821E+04
    0.37830E-03    0.19183E+04
    0.38594E-03    0.19552E+04
    0.39374E-03    0.19927E+04
    0.40169E-03    0.20310E+04
    0.40981E-03    0.20700E+04
    0.41809E-03    0.21098E+04
    0.42653E-03    0.21503E+04
    0.43515E-03    0.21915E+04
    0.44394E-03    0.22335E+04
    0.45291E-03    0.22764E+04
    0.46206E-03    0.23200E+04
    0.47139E-03    0.23644E+04
    0.48091E-03    0.24097E+04
    0.49063E-03    0.24558E+04
    0.50054E-03    0.25028E+04
    0.51065E-03    0.25506E+04
    0.52097E-03    0.25994E+04
    0.53149E-03    0.26490E+04
    0.54223E-03    0.26996E+04
    0.55318E-03    0.27511E+04
    0.56436E-03    0.28036E+04
    0.57576E-03    0.28570E+04
    0.58739E-03    0.29115E+04
    0.59925E-03    0.29669E+04
    0.61136E-03    0.30233E+04
    0.62371E-03    0.30808E+04
    0.63631E-03    0.31393E+04
    0.64916E-03    0.31990E+04
    0.66228E-03    0.32597E+04
    0.67566E-03    0.33215E+04
    0.68931E-03    0.33844E+04
    0.70323E-03    0.34485E+04
    0.71744E-03    0.35137E+04
    0.73193E-03    0.35801E+04
    0.74672E-03    0.36477E+04
    0.76180E-03    0.37166E+04
    0.77719E-03    0.37867E+04
    0.79289E-03    0.38580E+04
    0.80891E-03    0.39306E+04
    0.82525E-03    0.40045E+04
    0.84192E-03    0.40797E+04
    0.85893E-03    0.41563E+04
    0.87628E-03    0.42342E+04
    0.89398E-03    0.43135E+04
    0.91204E-03    0.43942E+04
    0.93047E-03    0.44763E+04
    0.94926E-03    0.45599E+04
    0.96844E-03    0.46449E+04
    0.98800E-03    0.47314E+04
    0.10080E-02    0.48194E+04
    0.10283E-02    0.49089E+04
    0.10491E-02    0.50000E+04
    0.10703E-02    0.50926E+04
    0.10919E-02    0.51868E+04
    0.11140E-02    0.52827E+04
    0.11365E-02    0.53801E+04
    0.11594E-02    0.54793E+04
    0.11829E-02    0.55800E+04
    0.12067E-02    0.56825E+04
    0.12311E-02    0.57867E+04
    0.12560E-02    0.58926E+04
    0.12814E-02    0.60003E+04
    0.13073E-02    0.61098E+04
    0.13337E-02    0.62211E+04
    0.13606E-02    0.63342E+04
    0.13881E-02    0.64491E+04
    0.14161E-02    0.65659E+04
    0.14447E-02    0.66845E+04
    0.14739E-02    0.68051E+04
    0.15037E-02    0.69276E+04
    0.15341E-02    0.70520E+04
    0.15651E-02    0.71784E+04
    0.15967E-02    0.73068E+04
    0.16289E-02    0.74371E+04
    0.16618E-02    0.75695E+04
    0.16954E-02    0.77039E+04
    0.17297E-02    0.78404E+04
    0.17646E-02    0.79789E+04
    0.18003E-02    0.81195E+04
    0.18366E-02    0.82622E+04
    0.18737E-02    0.84070E+04
    0.19116E-02    0.85539E+04
    0.19502E-02    0.87029E+04
    0.19896E-02    0.88541E+04
    0.20298E-02    0.90075E+04
    0.20708E-02    0.91630E+04
    0.21126E-02    0.93208E+04
    0.21553E-02    0.94807E+04
    0.21988E-02    0.96428E+04
    0.22433E-02    0.98071E+04
    0.22886E-02    0.99736E+04
    0.23348E-02    0.10142E+05
    0.23820E-02    0.10313E+05
    0.24301E-02    0.10486E+05
    0.24792E-02    0.10662E+05
    0.25293E-02    0.10839E+05
    0.25804E-02    0.11019E+05
    0.26325E-02    0.11201E+05
    0.26857E-02    0.11386E+05
    0.27399E-02    0.11572E+05
    0.27953E-02    0.11761E+05
    0.28517E-02    0.11951E+05
    0.29094E-02    0.12145E+05
    0.29681E-02    0.12340E+05
    0.30281E-02    0.12537E+05
    0.30893E-02    0.12736E+05
    0.31517E-02    0.12938E+05
    0.32153E-02    0.13142E+05
    0.32803E-02    0.13347E+05
    0.33466E-02    0.13555E+05
    0.34142E-02    0.13765E+05
    0.34831E-02    0.13977E+05
    0.35535E-02    0.14190E+05
    0.36253E-02    0.14406E+05
    0.36985E-02    0.14623E+05
    0.37732E-02    0.14843E+05
    0.38495E-02    0.15064E+05
    0.39272E-02    0.15287E+05
    0.40066E-02    0.15511E+05
    0.40875E-02    0.15737E+05
    0.41701E-02    0.15965E+05
    0.42543E-02    0.16194E+05
    0.43402E-02    0.16425E+05
    0.44279E-02    0.16657E+05
    0.45174E-02    0.16890E+05
    0.46086E-02    0.17125E+05
    0.47017E-02    0.17361E+05
    0.47967E-02    0.17598E+05
    0.48936E-02    0.17835E+05
    0.49925E-02    0.18074E+05
    0.50933E-02    0.18314E+05
    0.51962E-02    0.18554E+05
    0.53012E-02    0.18795E+05
    0.54083E-02    0.19036E+05
    0.55175E-02    0.19278E+05
    0.56290E-02    0.19520E+05
    0.57427E-02    0.19763E+05
    0.58587E-02    0.20005E+05
    0.59771E-02    0.20247E+05
    0.60978E-02    0.20489E+05
    0.62210E-02    0.20731E+05
    0.63467E-02    0.20972E+05
    0.64749E-02    0.21213E+05
    0.66057E-02    0.21452E+05
    0.67391E-02    0.21691E+05
    0.68753E-02    0.21929E+05
    0.70142E-02    0.22165E+05
    0.71559E-02    0.22400E+05
    0.73004E-02    0.22633E+05
    0.74479E-02    0.22864E+05
    0.75983E-02    0.23094E+05
    0.77518E-02    0.23321E+05
    0.79084E-02    0.23545E+05
    0.80682E-02    0.23767E+05
    0.82312E-02    0.23987E+05
    0.83975E-02    0.24203E+05
    0.85671E-02    0.24415E+05
    0.87402E-02    0.24625E+05
    0.89167E-02    0.24830E+05
    0.90969E-02    0.25032E+05
    0.92806E-02    0.25229E+05
    0.94681E-02    0.25422E+05
    0.96594E-02    0.25610E+05
    0.98545E-02    0.25793E+05
    0.10054E-01    0.25970E+05
    0.10257E-01    0.26142E+05
    0.10464E-01    0.26308E+05
    0.10675E-01    0.26468E+05
    0.10891E-01    0.26622E+05
    0.11111E-01    0.26769E+05
    0.11335E-01    0.26909E+05
    0.11564E-01    0.27041E+05
    0.11798E-01    0.27166E+05
    0.12036E-01    0.27283E+05
    0.12279E-01    0.27392E+05
    0.12528E-01    0.27492E+05
    0.12781E-01    0.27584E+05
    0.13039E-01    0.27666E+05
    0.13302E-01    0.27739E+05
    0.13571E-01    0.27802E+05
    0.13845E-01    0.27855E+05
    0.14125E-01    0.27898E+05
    0.14410E-01    0.27930E+05
    0.14701E-01    0.27951E+05
    0.14998E-01    0.27961E+05
    0.15301E-01    0.27960E+05
    0.15610E-01    0.27946E+05
    0.15926E-01    0.27921E+05
    0.16247E-01    0.27884E+05
    0.16576E-01    0.27834E+05
    0.16910E-01    0.27771E+05
    0.17252E-01    0.27695E+05
    0.17601E-01    0.27607E+05
    0.17956E-01    0.27505E+05
    0.18319E-01    0.27390E+05
    0.18689E-01    0.27261E+05
    0.19066E-01    0.27119E+05
    0.19452E-01    0.26964E+05
    0.19845E-01    0.26795E+05
    0.20245E-01    0.26612E+05
    0.20654E-01    0.26416E+05
    0.21072E-01    0.26206E+05
    0.21497E-01    0.25983E+05
    0.21932E-01    0.25747E+05
    0.22375E-01    0.25499E+05
    0.22827E-01    0.25237E+05
    0.23288E-01    0.24963E+05
    0.23758E-01    0.24678E+05
    0.24238E-01    0.24380E+05
    0.24728E-01    0.24072E+05
    0.25227E-01    0.23753E+05
    0.25737E-01    0.23424E+05
    0.26257E-01    0.23086E+05
    0.26787E-01    0.22739E+05
    0.27329E-01    0.22384E+05
    0.27881E-01    0.22022E+05
    0.28444E-01    0.21653E+05
    0.29018E-01    0.21279E+05
    0.29605E-01    0.20900E+05
    0.30203E-01    0.20517E+05
    0.30813E-01    0.20132E+05
    0.31435E-01    0.19745E+05
    0.32070E-01    0.19357E+05
    0.32718E-01    0.18969E+05
    0.33379E-01    0.18820E+05
    0.34053E-01    0.18440E+05
    0.34741E-01    0.18064E+05
    0.35443E-01    0.17689E+05
    0.36159E-01    0.17318E+05
    0.36890E-01    0.16953E+05
    0.37635E-01    0.16595E+05
    0.38395E-01    0.16246E+05
    0.39171E-01    0.15907E+05
    0.39962E-01    0.15579E+05
    0.40769E-01    0.15261E+05
    0.41593E-01    0.14956E+05
    0.42433E-01    0.14663E+05
    0.43290E-01    0.14229E+05
    0.44165E-01    0.13959E+05
    0.45057E-01    0.13702E+05
    0.45967E-01    0.13456E+05
    0.46896E-01    0.13222E+05
    0.47843E-01    0.13000E+05
    0.48810E-01    0.12788E+05
    0.49796E-01    0.12586E+05
    0.50802E-01    0.12393E+05
    0.51828E-01    0.12208E+05
    0.52875E-01    0.12120E+05
    0.53943E-01    0.11955E+05
    0.55033E-01    0.11795E+05
    0.56145E-01    0.11639E+05
    0.57279E-01    0.11486E+05
    0.58436E-01    0.11334E+05
    0.59616E-01    0.11181E+05
    0.60821E-01    0.11026E+05
    0.62049E-01    0.10802E+05
    0.63303E-01    0.10635E+05
    0.64582E-01    0.10461E+05
    0.65886E-01    0.10278E+05
    0.67217E-01    0.10086E+05
    0.68575E-01    0.98820E+04
    0.69960E-01    0.96659E+04
    0.71374E-01    0.94369E+04
    0.72816E-01    0.92265E+04
    0.74287E-01    0.89717E+04
    0.75787E-01    0.87050E+04
    0.77318E-01    0.84283E+04
    0.78880E-01    0.81439E+04
    0.80474E-01    0.78546E+04
    0.82099E-01    0.75636E+04
    0.83758E-01    0.72742E+04
    0.85450E-01    0.69899E+04
    0.87176E-01    0.67138E+04
    0.88937E-01    0.64489E+04
    0.90734E-01    0.61976E+04
    0.92567E-01    0.59621E+04
    0.94437E-01    0.57438E+04
    0.96344E-01    0.55438E+04
    0.98291E-01    0.53625E+04
    0.10028E+00    0.52000E+04
    0.10230E+00    0.50557E+04
    0.10437E+00    0.49288E+04
    0.10648E+00    0.48177E+04
    0.10863E+00    0.47203E+04
    0.11082E+00    0.46338E+04
    0.11306E+00    0.45549E+04
    0.11535E+00    0.44797E+04
    0.11768E+00    0.44041E+04
    0.12005E+00    0.43242E+04
    0.12248E+00    0.42364E+04
    0.12495E+00    0.41382E+04
    0.12748E+00    0.40281E+04
    0.13005E+00    0.39056E+04
    0.13268E+00    0.37712E+04
    0.13536E+00    0.36267E+04
    0.13809E+00    0.34745E+04
    0.14088E+00    0.33182E+04
    0.14373E+00    0.31624E+04
    0.14663E+00    0.30117E+04
    0.14959E+00    0.28708E+04
    0.15262E+00    0.27431E+04
    0.15570E+00    0.26306E+04
    0.15885E+00    0.25336E+04
    0.16205E+00    0.24512E+04
    0.16533E+00    0.23819E+04
    0.16867E+00    0.23233E+04
    0.17208E+00    0.22723E+04
    0.17555E+00    0.22251E+04
    0.17910E+00    0.21773E+04
    0.18272E+00    0.21249E+04
    0.18641E+00    0.20650E+04
    0.19017E+00    0.19966E+04
    0.19401E+00    0.19202E+04
    0.19793E+00    0.18377E+04
    0.20193E+00    0.17522E+04
    0.20601E+00    0.16675E+04
    0.21017E+00    0.15877E+04
    0.21442E+00    0.15158E+04
    0.21875E+00    0.14536E+04
    0.22317E+00    0.14008E+04
    0.22768E+00    0.13563E+04
    0.23228E+00    0.13177E+04
    0.23697E+00    0.12821E+04
    0.24176E+00    0.12464E+04
    0.24664E+00    0.12080E+04
    0.25162E+00    0.11653E+04
    0.25671E+00    0.11184E+04
    0.26189E+00    0.10690E+04
    0.26718E+00    0.10196E+04
    0.27258E+00    0.97284E+03
    0.27809E+00    0.93052E+03
    0.28370E+00    0.89350E+03
    0.28943E+00    0.86130E+03
    0.29528E+00    0.83252E+03
    0.30125E+00    0.80529E+03
    0.30733E+00    0.77773E+03
    0.31354E+00    0.74862E+03
    0.31988E+00    0.71791E+03
    0.32634E+00    0.68662E+03
    0.33293E+00    0.65618E+03
    0.33965E+00    0.62786E+03
    0.34652E+00    0.60224E+03
    0.35352E+00    0.57913E+03
    0.36066E+00    0.55773E+03
    0.36794E+00    0.53695E+03
    0.37538E+00    0.51596E+03
    0.38296E+00    0.49462E+03
    0.39070E+00    0.47340E+03
    0.39859E+00    0.45300E+03
    0.40664E+00    0.43394E+03
    0.41486E+00    0.41629E+03
    0.42324E+00    0.39978E+03
    0.43179E+00    0.38384E+03
    0.44051E+00    0.36811E+03
    0.44941E+00    0.35258E+03
    0.45849E+00    0.33749E+03
    0.46775E+00    0.32314E+03
    0.47720E+00    0.30961E+03
    0.48684E+00    0.29681E+03
    0.49667E+00    0.28448E+03
    0.50671E+00    0.27249E+03
    0.51694E+00    0.26084E+03
    0.52739E+00    0.24965E+03
    0.53804E+00    0.23899E+03
    0.54891E+00    0.22884E+03
    0.56000E+00    0.21911E+03
    0.57131E+00    0.20972E+03
    0.58285E+00    0.20067E+03
    0.59462E+00    0.19199E+03
    0.60664E+00    0.18369E+03
    0.61889E+00    0.17576E+03
    0.63139E+00    0.16814E+03
    0.64415E+00    0.16082E+03
    0.65716E+00    0.15380E+03
    0.67044E+00    0.14708E+03
    0.68398E+00    0.14065E+03
    0.69780E+00    0.13448E+03
    0.71189E+00    0.12856E+03
    0.72628E+00    0.12289E+03
    0.74095E+00    0.11747E+03
    0.75592E+00    0.11227E+03
    0.77119E+00    0.10729E+03
    0.78677E+00    0.10252E+03
    0.80266E+00    0.97957E+02
    0.81887E+00    0.93587E+02
    0.83542E+00    0.89405E+02
    0.85229E+00    0.85401E+02
    0.86951E+00    0.81569E+02
    0.88708E+00    0.77902E+02
    0.90500E+00    0.74395E+02
    0.92328E+00    0.71040E+02
    0.94193E+00    0.67829E+02
    0.96096E+00    0.64759E+02
    0.98037E+00    0.61822E+02
    0.10002E+01    0.59013E+02
    0.10204E+01    0.56326E+02
    0.10410E+01    0.53758E+02
    0.10620E+01    0.51302E+02
    0.10835E+01    0.48955E+02
    0.11054E+01    0.46711E+02
    0.11277E+01    0.44568E+02
    0.11505E+01    0.42519E+02
    0.11737E+01    0.40562E+02
    0.11974E+01    0.38691E+02
    0.12216E+01    0.36904E+02
    0.12463E+01    0.35197E+02
    0.12715E+01    0.33566E+02
    0.12972E+01    0.32008E+02
    0.13234E+01    0.30520E+02
    0.13501E+01    0.29100E+02
    0.13774E+01    0.27743E+02
    0.14052E+01    0.26448E+02
    0.14336E+01    0.25212E+02
    0.14625E+01    0.24032E+02
    0.14921E+01    0.22905E+02
    0.15222E+01    0.21830E+02
    0.15530E+01    0.20804E+02
    0.15844E+01    0.19824E+02
    0.16164E+01    0.18890E+02
    0.16490E+01    0.17998E+02
    0.16823E+01    0.17147E+02
    0.17163E+01    0.16336E+02
    0.17510E+01    0.15562E+02
    0.17864E+01    0.14823E+02
    0.18224E+01    0.14119E+02
    0.18593E+01    0.13448E+02
    0.18968E+01    0.12807E+02
    0.19351E+01    0.12196E+02
    0.19742E+01    0.11614E+02
    0.20141E+01    0.11059E+02
    0.20548E+01    0.10529E+02
    0.20963E+01    0.10025E+02
    0.21387E+01    0.95439E+01
    0.21819E+01    0.90855E+01
    0.22259E+01    0.86487E+01
    0.22709E+01    0.82323E+01
    0.23168E+01    0.78356E+01
    0.23636E+01    0.74575E+01
    0.24113E+01    0.70972E+01
    0.24600E+01    0.67540E+01
    0.25097E+01    0.64271E+01
    0.25604E+01    0.61156E+01
    0.26122E+01    0.58190E+01
    0.26649E+01    0.55364E+01
    0.27188E+01    0.52673E+01
    0.27737E+01    0.50109E+01
    0.28297E+01    0.47668E+01
    0.28869E+01    0.45343E+01
    0.29452E+01    0.43130E+01
    0.30047E+01    0.41023E+01
    0.30654E+01    0.39016E+01
    0.31273E+01    0.37106E+01
    0.31905E+01    0.35287E+01
    0.32549E+01    0.33556E+01
    0.33207E+01    0.31909E+01
    0.33878E+01    0.30340E+01
    0.34562E+01    0.28848E+01
    0.35260E+01    0.27427E+01
    0.35973E+01    0.26076E+01
    0.36699E+01    0.24789E+01
    0.37441E+01    0.23565E+01
    0.38197E+01    0.22401E+01
    0.38969E+01    0.21293E+01
    0.39756E+01    0.20239E+01
    0.40559E+01    0.19236E+01
    0.41378E+01    0.18282E+01
    0.42214E+01    0.17374E+01
    0.43067E+01    0.16511E+01
    0.43937E+01    0.15690E+01
    0.44825E+01    0.14910E+01
    0.45730E+01    0.14167E+01
    0.46654E+01    0.13461E+01
    0.47597E+01    0.12790E+01
    0.48558E+01    0.12151E+01
    0.49539E+01    0.11544E+01
    0.50540E+01    0.10967E+01
    0.51561E+01    0.10418E+01
    0.52602E+01    0.98962E+00
    0.53665E+01    0.94002E+00
    0.54749E+01    0.89286E+00
    0.55855E+01    0.84804E+00
    0.56983E+01    0.80545E+00
    0.58135E+01    0.76495E+00
    0.59309E+01    0.72647E+00
    0.60507E+01    0.68989E+00
    0.61729E+01    0.65513E+00
    0.62976E+01    0.62210E+00
    0.64249E+01    0.59071E+00
    0.65547E+01    0.56089E+00
    0.66871E+01    0.53255E+00
    0.68222E+01    0.50562E+00
    0.69600E+01    0.48003E+00
    0.71006E+01    0.45573E+00
    0.72440E+01    0.43264E+00
    0.73903E+01    0.41070E+00
    0.75396E+01    0.38986E+00
    0.76920E+01    0.37007E+00
    0.78473E+01    0.35127E+00
    0.80059E+01    0.33341E+00
    0.81676E+01    0.31645E+00
    0.83326E+01    0.30034E+00
    0.85009E+01    0.28505E+00
    0.86727E+01    0.27052E+00
    0.88479E+01    0.25672E+00
    0.90266E+01    0.24362E+00
    0.92089E+01    0.23118E+00
    0.93950E+01    0.21937E+00
    0.95848E+01    0.20815E+00
    0.97784E+01    0.19750E+00
    0.99759E+01    0.18739E+00
    0.10177E+02    0.17779E+00
